Sample	Tray	Weight
1	1	1.100
1	2	1.108
1	3	1.106
1	4	1.120
1	5	1.109
1	6	1.114
1	7	1.126
1	8	1.135
1	9	1.111
1	10	1.097
1	11	1.119
1	12	1.117
1	13	1.127
1	14	1.117
1	15	1.109
1	16	1.125
1	17	1.095
1	18	1.124
1	19	1.113
1	20	1.123
1	21	1.120
1	22	1.121
2	1	1.102
2	2	1.113
2	3	1.111
2	4	1.121
2	5	1.111
2	6	1.114
2	7	1.125
2	8	1.136
2	9	1.115
2	10	1.099
2	11	1.122
2	12	1.115
2	13	1.125
2	14	1.116
2	15	1.112
2	16	1.126
2	17	1.096
2	18	1.123
2	19	1.115
2	20	1.125
2	21	1.117
2	22	1.120
3	1	1.105
3	2	1.113
3	3	1.112
3	4	1.117
3	5	1.113
3	6	1.113
3	7	1.125
3	8	1.133
3	9	1.115
3	10	1.099
3	11	1.125
3	12	1.115
3	13	1.129
3	14	1.116
3	15	1.111
3	16	1.126
3	17	1.102
3	18	1.126
3	19	1.119
3	20	1.123
3	21	1.116
3	22	1.120
4	1	1.104
4	2	1.114
4	3	1.106
4	4	1.119
4	5	1.116
4	6	1.110
4	7	1.120
4	8	1.131
4	9	1.112
4	10	1.094
4	11	1.121
4	12	1.110
4	13	1.127
4	14	1.113
4	15	1.111
4	16	1.124
4	17	1.100
4	18	1.124
4	19	1.112
4	20	1.124
4	21	1.116
4	22	1.121
5	1	1.107
5	2	1.114
5	3	1.107
5	4	1.118
5	5	1.111
5	6	1.116
5	7	1.119
5	8	1.130
5	9	1.110
5	10	1.093
5	11	1.125
5	12	1.122
5	13	1.110
5	14	1.113
5	15	1.113
5	16	1.119
5	17	1.095
5	18	1.112
5	19	1.123
5	20	1.115
5	21	1.109
5	22	1.123
6	1	1.106
6	2	1.112
6	3	1.107
6	4	1.115
6	5	1.112
6	6	1.111
6	7	1.121
6	8	1.132
6	9	1.110
6	10	1.095
6	11	1.123
6	12	1.115
6	13	1.124
6	14	1.114
6	15	1.107
6	16	1.124
6	17	1.100
6	18	1.126
6	19	1.109
6	20	1.116
6	21	1.113
6	22	1.120
7	1	1.110
7	2	1.113
7	3	1.112
7	4	1.123
7	5	1.118
7	6	1.111
7	7	1.126
7	8	1.134
7	9	1.115
7	10	1.100
7	11	1.128
7	12	1.114
7	13	1.127
7	14	1.116
7	15	1.111
7	16	1.132
7	17	1.102
7	18	1.127
7	19	1.115
7	20	1.123
7	21	1.121
7	22	1.123
8	1	1.110
8	2	1.117
8	3	1.116
8	4	1.121
8	5	1.117
8	6	1.113
8	7	1.128
8	8	1.133
8	9	1.116
8	10	1.099
8	11	1.126
8	12	1.114
8	13	1.127
8	14	1.117
8	15	1.112
8	16	1.131
8	17	1.102
8	18	1.128
8	19	1.114
8	20	1.122
8	21	1.120
8	22	1.124
9	1	1.110
9	2	1.113
9	3	1.114
9	4	1.126
9	5	1.114
9	6	1.114
9	7	1.124
9	8	1.133
9	9	1.116
9	10	1.098
9	11	1.125
9	12	1.114
9	13	1.131
9	14	1.115
9	15	1.111
9	16	1.124
9	17	1.106
9	18	1.127
9	19	1.114
9	20	1.125
9	21	1.116
9	22	1.124
10	1	1.109
10	2	1.114
10	3	1.113
10	4	1.118
10	5	1.111
10	6	1.113
10	7	1.129
10	8	1.135
10	9	1.116
10	10	1.099
10	11	1.126
10	12	1.115
10	13	1.131
10	14	1.114
10	15	1.112
10	16	1.127
10	17	1.103
10	18	1.125
10	19	1.111
10	20	1.120
10	21	1.115
10	22	1.122
11	1	1.094
11	2	1.115
11	3	1.108
11	4	1.117
11	5	1.118
11	6	1.111
11	7	1.127
11	8	1.132
11	9	1.115
11	10	1.097
11	11	1.127
11	12	1.113
11	13	1.130
11	14	1.117
11	15	1.108
11	16	1.125
11	17	1.095
11	18	1.124
11	19	1.112
11	20	1.120
11	21	1.115
11	22	1.125
12	1	1.090
12	2	1.113
12	3	1.105
12	4	1.118
12	5	1.110
12	6	1.112
12	7	1.118
12	8	1.132
12	9	1.114
12	10	1.094
12	11	1.121
12	12	1.113
12	13	1.124
12	14	1.110
12	15	1.108
12	16	1.122
12	17	1.096
12	18	1.123
12	19	1.112
12	20	1.121
12	21	1.111
12	22	1.124
13	1	1.088
13	2	1.107
13	3	1.107
13	4	1.125
13	5	1.113
13	6	1.115
13	7	1.123
13	8	1.134
13	9	1.114
13	10	1.096
13	11	1.120
13	12	1.110
13	13	1.123
13	14	1.112
13	15	1.106
13	16	1.123
13	17	1.100
13	18	1.125
13	19	1.109
13	20	1.117
13	21	1.114
13	22	1.123
14	1	1.089
14	2	1.114
14	3	1.112
14	4	1.120
14	5	1.110
14	6	1.113
14	7	1.127
14	8	1.136
14	9	1.111
14	10	1.094
14	11	1.122
14	12	1.113
14	13	1.124
14	14	1.115
14	15	1.106
14	16	1.121
14	17	1.102
14	18	1.126
14	19	1.106
14	20	1.115
14	21	1.116
14	22	1.119
15	1	1.089
15	2	1.109
15	3	1.108
15	4	1.116
15	5	1.113
15	6	1.109
15	7	1.118
15	8	1.130
15	9	1.111
15	10	1.095
15	11	1.121
15	12	1.113
15	13	1.127
15	14	1.111
15	15	1.104
15	16	1.123
15	17	1.094
15	18	1.125
15	19	1.106
15	20	1.116
15	21	1.112
15	22	1.119
16	1	1.090
16	2	1.106
16	3	1.110
16	4	1.117
16	5	1.115
16	6	1.110
16	7	1.120
16	8	1.134
16	9	1.111
16	10	1.096
16	11	1.124
16	12	1.115
16	13	1.127
16	14	1.116
16	15	1.108
16	16	1.124
16	17	1.096
16	18	1.126
16	19	1.108
16	20	1.116
16	21	1.114
16	22	1.125
17	1	1.090
17	2	1.113
17	3	1.109
17	4	1.121
17	5	1.116
17	6	1.110
17	7	1.119
17	8	1.135
17	9	1.116
17	10	1.098
17	11	1.124
17	12	1.113
17	13	1.127
17	14	1.117
17	15	1.111
17	16	1.121
17	17	1.099
17	18	1.126
17	19	1.109
17	20	1.122
17	21	1.115
17	22	1.125
18	1	1.090
18	2	1.113
18	3	1.106
18	4	1.120
18	5	1.110
18	6	1.111
18	7	1.118
18	8	1.130
18	9	1.112
18	10	1.095
18	11	1.121
18	12	1.114
18	13	1.126
18	14	1.117
18	15	1.109
18	16	1.123
18	17	1.103
18	18	1.124
18	19	1.111
18	20	1.116
18	21	1.111
18	22	1.120
19	1	1.097
19	2	1.109
19	3	1.115
19	4	1.118
19	5	1.118
19	6	1.116
19	7	1.122
19	8	1.137
19	9	1.114
19	10	1.093
19	11	1.122
19	12	1.120
19	13	1.126
19	14	1.121
19	15	1.105
19	16	1.121
19	17	1.096
19	18	1.132
19	19	1.109
19	20	1.119
19	21	1.116
19	22	1.122
20	1	1.089
20	2	1.111
20	3	1.091
20	4	1.120
20	5	1.116
20	6	1.112
20	7	1.120
20	8	1.134
20	9	1.095
20	10	1.094
20	11	1.127
20	12	1.113
20	13	1.130
20	14	1.112
20	15	1.109
20	16	1.128
20	17	1.098
20	18	1.129
20	19	1.107
20	20	1.123
20	21	1.117
20	22	1.119
21	1	1.088
21	2	1.110
21	3	1.088
21	4	1.118
21	5	1.114
21	6	1.110
21	7	1.120
21	8	1.132
21	9	1.099
21	10	1.099
21	11	1.121
21	12	1.099
21	13	1.125
21	14	1.113
21	15	1.100
21	16	1.126
21	17	1.076
21	18	1.125
21	19	1.108
21	20	1.121
21	21	1.093
21	22	1.108
22	1	1.093
22	2	1.109
22	3	1.085
22	4	1.115
22	5	1.115
22	6	1.115
22	7	1.118
22	8	1.133
22	9	1.088
22	10	1.096
22	11	1.120
22	12	1.098
22	13	1.129
22	14	1.116
22	15	1.116
22	16	1.123
22	17	1.071
22	18	1.126
22	19	1.103
22	20	1.121
22	21	1.099
22	22	1.105
23	1	1.094
23	2	1.105
23	3	1.092
23	4	1.121
23	5	1.113
23	6	1.115
23	7	1.120
23	8	1.132
23	9	1.092
23	10	1.095
23	11	1.122
23	12	1.100
23	13	1.129
23	14	1.113
23	15	1.099
23	16	1.123
23	17	1.086
23	18	1.126
23	19	1.105
23	20	1.124
23	21	1.093
23	22	1.109
24	1	1.097
24	2	1.111
24	3	1.090
24	4	1.115
24	5	1.116
24	6	1.112
24	7	1.120
24	8	1.131
24	9	1.090
24	10	1.096
24	11	1.123
24	12	1.102
24	13	1.129
24	14	1.117
24	15	1.104
24	16	1.123
24	17	1.087
24	18	1.129
24	19	1.103
24	20	1.104
24	21	1.094
24	22	1.112
25	1	1.092
25	2	1.104
25	3	1.083
25	4	1.114
25	5	1.109
25	6	1.107
25	7	1.122
25	8	1.128
25	9	1.089
25	10	1.098
25	11	1.118
25	12	1.094
25	13	1.122
25	14	1.112
25	15	1.099
25	16	1.118
25	17	1.076
25	18	1.126
25	19	1.101
25	20	1.095
25	21	1.097
25	22	1.113
26	1	1.102
26	2	1.113
26	3	1.091
26	4	1.117
26	5	1.119
26	6	1.116
26	7	1.125
26	8	1.139
26	9	1.099
26	10	1.100
26	11	1.127
26	12	1.097
26	13	1.134
26	14	1.118
26	15	1.106
26	16	1.119
26	17	1.082
26	18	1.130
26	19	1.114
26	20	1.105
26	21	1.102
26	22	1.126
27	1	1.096
27	2	1.111
27	3	1.090
27	4	1.115
27	5	1.114
27	6	1.112
27	7	1.120
27	8	1.137
27	9	1.095
27	10	1.099
27	11	1.122
27	12	1.101
27	13	1.131
27	14	1.115
27	15	1.094
27	16	1.115
27	17	1.100
27	18	1.123
27	19	1.111
27	20	1.103
27	21	1.093
27	22	1.124
28	1	1.091
28	2	1.107
28	3	1.096
28	4	1.112
28	5	1.111
28	6	1.113
28	7	1.119
28	8	1.135
28	9	1.093
28	10	1.100
28	11	1.123
28	12	1.092
28	13	1.128
28	14	1.117
28	15	1.100
28	16	1.115
28	17	1.096
28	18	1.123
28	19	1.109
28	20	1.100
28	21	1.096
28	22	1.124
29	1	1.094
29	2	1.105
29	3	1.093
29	4	1.115
29	5	1.112
29	6	1.117
29	7	1.127
29	8	1.132
29	9	1.099
29	10	1.101
29	11	1.122
29	12	1.093
29	13	1.133
29	14	1.118
29	15	1.100
29	16	1.115
29	17	1.097
29	18	1.110
29	19	1.110
29	20	1.101
29	21	1.102
29	22	1.126
30	1	1.089
30	2	1.111
30	3	1.097
30	4	1.114
30	5	1.113
30	6	1.114
30	7	1.120
30	8	1.134
30	9	1.097
30	10	1.099
30	11	1.124
30	12	1.088
30	13	1.125
30	14	1.103
30	15	1.095
30	16	1.113
30	17	1.098
30	18	1.111
30	19	1.106
30	20	1.096
30	21	1.100
30	22	1.128
31	1	1.077
31	2	1.103
31	3	1.094
31	4	1.116
31	5	1.112
31	6	1.098
31	7	1.120
31	8	1.137
31	9	1.097
31	10	1.096
31	11	1.122
31	12	1.102
31	13	1.128
31	14	1.104
31	15	1.095
31	16	1.112
31	17	1.100
31	18	1.108
31	19	1.106
31	20	1.101
31	21	1.096
31	22	1.107
32	1	1.079
32	2	1.104
32	3	1.092
32	4	1.117
32	5	1.115
32	6	1.092
32	7	1.127
32	8	1.138
32	9	1.099
32	10	1.099
32	11	1.124
32	12	1.101
32	13	1.130
32	14	1.108
32	15	1.098
32	16	1.113
32	17	1.104
32	18	1.114
32	19	1.108
32	20	1.103
32	21	1.099
32	22	1.116
33	1	1.072
33	2	1.101
33	3	1.093
33	4	1.113
33	5	1.111
33	6	1.092
33	7	1.120
33	8	1.131
33	9	1.099
33	10	1.096
33	11	1.117
33	12	1.100
33	13	1.127
33	14	1.102
33	15	1.100
33	16	1.111
33	17	1.097
33	18	1.111
33	19	1.106
33	20	1.100
33	21	1.091
33	22	1.115
34	1	1.069
34	2	1.104
34	3	1.086
34	4	1.116
34	5	1.111
34	6	1.096
34	7	1.120
34	8	1.129
34	9	1.094
34	10	1.097
34	11	1.120
34	12	1.101
34	13	1.129
34	14	1.107
34	15	1.092
34	16	1.109
34	17	1.096
34	18	1.111
34	19	1.103
34	20	1.102
34	21	1.100
34	22	1.114
35	1	1.074
35	2	1.105
35	3	1.088
35	4	1.111
35	5	1.115
35	6	1.096
35	7	1.121
35	8	1.131
35	9	1.098
35	10	1.096
35	11	1.124
35	12	1.102
35	13	1.123
35	14	1.101
35	15	1.103
35	16	1.113
35	17	1.096
35	18	1.108
35	19	1.108
35	20	1.100
35	21	1.102
35	22	1.114
36	1	1.078
36	2	1.108
36	3	1.087
36	4	1.116
36	5	1.112
36	6	1.094
36	7	1.122
36	8	1.130
36	9	1.097
36	10	1.097
36	11	1.121
36	12	1.092
36	13	1.121
36	14	1.105
36	15	1.091
36	16	1.112
36	17	1.102
36	18	1.110
36	19	1.110
36	20	1.104
36	21	1.096
36	22	1.115
37	1	1.073
37	2	1.108
37	3	1.086
37	4	1.109
37	5	1.110
37	6	1.092
37	7	1.126
37	8	1.132
37	9	1.101
37	10	1.097
37	11	1.121
37	12	1.097
37	13	1.127
37	14	1.104
37	15	1.095
37	16	1.114
37	17	1.101
37	18	1.108
37	19	1.105
37	20	1.099
37	21	1.104
37	22	1.111
38	1	1.080
38	2	1.104
38	3	1.092
38	4	1.115
38	5	1.110
38	6	1.095
38	7	1.122
38	8	1.136
38	9	1.099
38	10	1.097
38	11	1.121
38	12	1.093
38	13	1.123
38	14	1.105
38	15	1.104
38	16	1.112
38	17	1.099
38	18	1.106
38	19	1.108
38	20	1.100
38	21	1.104
38	22	1.109
39	1	1.079
39	2	1.110
39	3	1.089
39	4	1.120
39	5	1.113
39	6	1.099
39	7	1.123
39	8	1.133
39	9	1.096
39	10	1.099
39	11	1.122
39	12	1.101
39	13	1.124
39	14	1.104
39	15	1.097
39	16	1.115
39	17	1.101
39	18	1.116
39	19	1.110
39	20	1.104
39	21	1.107
39	22	1.116
40	1	1.079
40	2	1.105
40	3	1.097
40	4	1.119
40	5	1.117
40	6	1.096
40	7	1.125
40	8	1.139
40	9	1.102
40	10	1.100
40	11	1.122
40	12	1.101
40	13	1.125
40	14	1.107
40	15	1.097
40	16	1.117
40	17	1.103
40	18	1.114
40	19	1.109
40	20	1.104
40	21	1.110
40	22	1.117
41	1	1.072
41	2	1.107
41	3	1.091
41	4	1.118
41	5	1.115
41	6	1.097
41	7	1.125
41	8	1.132
41	9	1.102
41	10	1.099
41	11	1.126
41	12	1.102
41	13	1.133
41	14	1.109
41	15	1.099
41	16	1.118
41	17	1.102
41	18	1.111
41	19	1.111
41	20	1.108
41	21	1.099
41	22	1.114
42	1	1.091
42	2	1.103
42	3	1.108
42	4	1.116
42	5	1.112
42	6	1.124
42	7	1.127
42	8	1.133
42	9	1.118
42	10	1.099
42	11	1.122
42	12	1.120
42	13	1.131
42	14	1.119
42	15	1.117
42	16	1.115
42	17	1.122
42	18	1.129
42	19	1.110
42	20	1.124
42	21	1.124
42	22	1.132
43	1	1.096
43	2	1.104
43	3	1.111
43	4	1.116
43	5	1.115
43	6	1.117
43	7	1.127
43	8	1.137
43	9	1.120
43	10	1.099
43	11	1.125
43	12	1.117
43	13	1.124
43	14	1.115
43	15	1.120
43	16	1.114
43	17	1.117
43	18	1.128
43	19	1.110
43	20	1.124
43	21	1.120
43	22	1.124
44	1	1.092
44	2	1.109
44	3	1.112
44	4	1.116
44	5	1.111
44	6	1.122
44	7	1.122
44	8	1.139
44	9	1.118
44	10	1.100
44	11	1.121
44	12	1.114
44	13	1.123
44	14	1.113
44	15	1.116
44	16	1.115
44	17	1.119
44	18	1.128
44	19	1.108
44	20	1.125
44	21	1.127
44	22	1.129
45	1	1.098
45	2	1.111
45	3	1.109
45	4	1.114
45	5	1.111
45	6	1.122
45	7	1.127
45	8	1.131
45	9	1.118
45	10	1.099
45	11	1.121
45	12	1.113
45	13	1.127
45	14	1.116
45	15	1.116
45	16	1.112
45	17	1.118
45	18	1.128
45	19	1.110
45	20	1.123
45	21	1.123
45	22	1.125
46	1	1.092
46	2	1.114
46	3	1.109
46	4	1.111
46	5	1.109
46	6	1.117
46	7	1.121
46	8	1.138
46	9	1.119
46	10	1.099
46	11	1.120
46	12	1.119
46	13	1.129
46	14	1.114
46	15	1.116
46	16	1.110
46	17	1.118
46	18	1.129
46	19	1.110
46	20	1.126
46	21	1.122
46	22	1.125
47	1	1.089
47	2	1.113
47	3	1.110
47	4	1.112
47	5	1.116
47	6	1.116
47	7	1.122
47	8	1.132
47	9	1.117
47	10	1.097
47	11	1.121
47	12	1.114
47	13	1.124
47	14	1.115
47	15	1.117
47	16	1.113
47	17	1.118
47	18	1.128
47	19	1.111
47	20	1.124
47	21	1.121
47	22	1.126
48	1	1.096
48	2	1.112
48	3	1.105
48	4	1.114
48	5	1.114
48	6	1.118
48	7	1.121
48	8	1.129
48	9	1.118
48	10	1.098
48	11	1.124
48	12	1.111
48	13	1.123
48	14	1.113
48	15	1.116
48	16	1.112
48	17	1.116
48	18	1.128
48	19	1.106
48	20	1.124
48	21	1.122
48	22	1.119
49	1	1.089
49	2	1.113
49	3	1.105
49	4	1.116
49	5	1.108
49	6	1.115
49	7	1.119
49	8	1.130
49	9	1.118
49	10	1.095
49	11	1.125
49	12	1.112
49	13	1.125
49	14	1.114
49	15	1.115
49	16	1.109
49	17	1.119
49	18	1.131
49	19	1.107
49	20	1.125
49	21	1.121
49	22	1.122
50	1	1.091
50	2	1.112
50	3	1.108
50	4	1.114
50	5	1.110
50	6	1.113
50	7	1.120
50	8	1.133
50	9	1.112
50	10	1.095
50	11	1.121
50	12	1.110
50	13	1.128
50	14	1.112
50	15	1.115
50	16	1.110
50	17	1.121
50	18	1.126
50	19	1.109
50	20	1.122
50	21	1.124
50	22	1.119
51	1	1.090
51	2	1.111
51	3	1.108
51	4	1.113
51	5	1.111
51	6	1.114
51	7	1.122
51	8	1.137
51	9	1.115
51	10	1.097
51	11	1.121
51	12	1.114
51	13	1.124
51	14	1.114
51	15	1.119
51	16	1.117
51	17	1.127
51	18	1.128
51	19	1.110
51	20	1.123
51	21	1.126
51	22	1.127
52	1	1.094
52	2	1.111
52	3	1.109
52	4	1.119
52	5	1.114
52	6	1.115
52	7	1.123
52	8	1.133
52	9	1.116
52	10	1.099
52	11	1.121
52	12	1.113
52	13	1.125
52	14	1.118
52	15	1.119
52	16	1.115
52	17	1.127
52	18	1.131
52	19	1.110
52	20	1.128
52	21	1.127
52	22	1.122
53	1	1.092
53	2	1.108
53	3	1.110
53	4	1.116
53	5	1.109
53	6	1.113
53	7	1.125
53	8	1.131
53	9	1.117
53	10	1.097
53	11	1.119
53	12	1.116
53	13	1.125
53	14	1.112
53	15	1.118
53	16	1.115
53	17	1.125
53	18	1.127
53	19	1.104
53	20	1.128
53	21	1.123
53	22	1.124
54	1	1.089
54	2	1.109
54	3	1.106
54	4	1.112
54	5	1.111
54	6	1.113
54	7	1.118
54	8	1.129
54	9	1.114
54	10	1.095
54	11	1.121
54	12	1.115
54	13	1.122
54	14	1.115
54	15	1.116
54	16	1.106
54	17	1.120
54	18	1.125
54	19	1.109
54	20	1.122
54	21	1.122
54	22	1.120
55	1	1.090
55	2	1.109
55	3	1.106
55	4	1.115
55	5	1.110
55	6	1.117
55	7	1.121
55	8	1.133
55	9	1.113
55	10	1.095
55	11	1.118
55	12	1.116
55	13	1.123
55	14	1.112
55	15	1.117
55	16	1.111
55	17	1.123
55	18	1.131
55	19	1.110
55	20	1.121
55	21	1.120
55	22	1.120
56	1	1.092
56	2	1.108
56	3	1.103
56	4	1.110
56	5	1.109
56	6	1.109
56	7	1.123
56	8	1.131
56	9	1.114
56	10	1.099
56	11	1.122
56	12	1.112
56	13	1.121
56	14	1.112
56	15	1.116
56	16	1.110
56	17	1.122
56	18	1.127
56	19	1.107
56	20	1.121
56	21	1.122
56	22	1.121
57	1	1.086
57	2	1.105
57	3	1.103
57	4	1.106
57	5	1.105
57	6	1.106
57	7	1.119
57	8	1.127
57	9	1.114
57	10	1.093
57	11	1.121
57	12	1.118
57	13	1.122
57	14	1.108
57	15	1.113
57	16	1.109
57	17	1.120
57	18	1.126
57	19	1.105
57	20	1.121
57	21	1.117
57	22	1.119
58	1	1.094
58	2	1.113
58	3	1.106
58	4	1.115
58	5	1.117
58	6	1.118
58	7	1.122
58	8	1.132
58	9	1.117
58	10	1.097
58	11	1.123
58	12	1.116
58	13	1.127
58	14	1.116
58	15	1.115
58	16	1.112
58	17	1.124
58	18	1.129
58	19	1.108
58	20	1.125
58	21	1.123
58	22	1.124
59	1	1.091
59	2	1.111
59	3	1.107
59	4	1.116
59	5	1.114
59	6	1.114
59	7	1.126
59	8	1.133
59	9	1.121
59	10	1.099
59	11	1.122
59	12	1.112
59	13	1.125
59	14	1.116
59	15	1.117
59	16	1.111
59	17	1.125
59	18	1.128
59	19	1.107
59	20	1.122
59	21	1.122
59	22	1.126
60	1	1.094
60	2	1.114
60	3	1.109
60	4	1.118
60	5	1.117
60	6	1.118
60	7	1.125
60	8	1.139
60	9	1.122
60	10	1.099
60	11	1.125
60	12	1.113
60	13	1.130
60	14	1.114
60	15	1.116
60	16	1.112
60	17	1.125
60	18	1.128
60	19	1.109
60	20	1.124
60	21	1.125
60	22	1.125
61	1	1.096
61	2	1.111
61	3	1.105
61	4	1.115
61	5	1.110
61	6	1.111
61	7	1.123
61	8	1.136
61	9	1.114
61	10	1.097
61	11	1.119
61	12	1.109
61	13	1.121
61	14	1.112
61	15	1.113
61	16	1.111
61	17	1.120
61	18	1.125
61	19	1.106
61	20	1.121
61	21	1.120
61	22	1.121
62	1	1.095
62	2	1.116
62	3	1.109
62	4	1.116
62	5	1.116
62	6	1.115
62	7	1.131
62	8	1.137
62	9	1.121
62	10	1.101
62	11	1.122
62	12	1.116
62	13	1.128
62	14	1.114
62	15	1.116
62	16	1.114
62	17	1.130
62	18	1.130
62	19	1.111
62	20	1.126
62	21	1.122
62	22	1.124
63	1	1.094
63	2	1.115
63	3	1.110
63	4	1.117
63	5	1.118
63	6	1.120
63	7	1.132
63	8	1.135
63	9	1.123
63	10	1.103
63	11	1.124
63	12	1.115
63	13	1.130
63	14	1.117
63	15	1.117
63	16	1.120
63	17	1.128
63	18	1.132
63	19	1.111
63	20	1.127
63	21	1.120
63	22	1.125
64	1	1.099
64	2	1.115
64	3	1.110
64	4	1.119
64	5	1.117
64	6	1.117
64	7	1.129
64	8	1.134
64	9	1.122
64	10	1.100
64	11	1.124
64	12	1.114
64	13	1.128
64	14	1.119
64	15	1.120
64	16	1.121
64	17	1.128
64	18	1.130
64	19	1.111
64	20	1.130
64	21	1.120
64	22	1.124
65	1	1.096
65	2	1.116
65	3	1.112
65	4	1.119
65	5	1.116
65	6	1.117
65	7	1.131
65	8	1.142
65	9	1.124
65	10	1.102
65	11	1.124
65	12	1.115
65	13	1.128
65	14	1.119
65	15	1.121
65	16	1.120
65	17	1.131
65	18	1.131
65	19	1.112
65	20	1.125
65	21	1.119
65	22	1.124
66	1	1.095
66	2	1.117
66	3	1.109
66	4	1.119
66	5	1.115
66	6	1.116
66	7	1.129
66	8	1.133
66	9	1.121
66	10	1.101
66	11	1.122
66	12	1.111
66	13	1.128
66	14	1.117
66	15	1.117
66	16	1.118
66	17	1.130
66	18	1.127
66	19	1.112
66	20	1.125
66	21	1.121
66	22	1.124
67	1	1.092
67	2	1.114
67	3	1.108
67	4	1.116
67	5	1.114
67	6	1.118
67	7	1.132
67	8	1.136
67	9	1.117
67	10	1.100
67	11	1.122
67	12	1.113
67	13	1.125
67	14	1.115
67	15	1.116
67	16	1.117
67	17	1.127
67	18	1.127
67	19	1.109
67	20	1.124
67	21	1.118
67	22	1.127
68	1	1.095
68	2	1.117
68	3	1.109
68	4	1.116
68	5	1.115
68	6	1.116
68	7	1.128
68	8	1.138
68	9	1.122
68	10	1.100
68	11	1.125
68	12	1.114
68	13	1.128
68	14	1.117
68	15	1.117
68	16	1.116
68	17	1.128
68	18	1.128
68	19	1.109
68	20	1.126
68	21	1.113
68	22	1.125
69	1	1.095
69	2	1.117
69	3	1.114
69	4	1.119
69	5	1.116
69	6	1.115
69	7	1.128
69	8	1.135
69	9	1.121
69	10	1.102
69	11	1.125
69	12	1.114
69	13	1.128
69	14	1.115
69	15	1.120
69	16	1.119
69	17	1.131
69	18	1.128
69	19	1.109
69	20	1.126
69	21	1.118
69	22	1.129
70	1	1.099
70	2	1.117
70	3	1.117
70	4	1.119
70	5	1.115
70	6	1.115
70	7	1.129
70	8	1.139
70	9	1.120
70	10	1.102
70	11	1.124
70	12	1.116
70	13	1.126
70	14	1.118
70	15	1.120
70	16	1.117
70	17	1.131
70	18	1.128
70	19	1.111
70	20	1.128
70	21	1.115
70	22	1.128
71	1	1.099
71	2	1.115
71	3	1.111
71	4	1.116
71	5	1.114
71	6	1.117
71	7	1.126
71	8	1.139
71	9	1.118
71	10	1.098
71	11	1.121
71	12	1.113
71	13	1.128
71	14	1.114
71	15	1.116
71	16	1.120
71	17	1.128
71	18	1.126
71	19	1.107
71	20	1.127
71	21	1.118
71	22	1.127
72	1	1.096
72	2	1.117
72	3	1.111
72	4	1.115
72	5	1.115
72	6	1.120
72	7	1.127
72	8	1.135
72	9	1.120
72	10	1.101
72	11	1.126
72	12	1.113
72	13	1.128
72	14	1.116
72	15	1.116
72	16	1.116
72	17	1.126
72	18	1.129
72	19	1.110
72	20	1.125
72	21	1.121
72	22	1.125
73	1	1.098
73	2	1.114
73	3	1.110
73	4	1.118
73	5	1.116
73	6	1.116
73	7	1.132
73	8	1.134
73	9	1.122
73	10	1.102
73	11	1.123
73	12	1.113
73	13	1.127
73	14	1.114
73	15	1.119
73	16	1.116
73	17	1.129
73	18	1.126
73	19	1.108
73	20	1.127
73	21	1.121
73	22	1.127
74	1	1.093
74	2	1.113
74	3	1.109
74	4	1.119
74	5	1.115
74	6	1.120
74	7	1.127
74	8	1.134
74	9	1.119
74	10	1.100
74	11	1.125
74	12	1.113
74	13	1.126
74	14	1.115
74	15	1.118
74	16	1.115
74	17	1.125
74	18	1.129
74	19	1.112
74	20	1.123
74	21	1.120
74	22	1.129
75	1	1.098
75	2	1.114
75	3	1.111
75	4	1.115
75	5	1.115
75	6	1.121
75	7	1.128
75	8	1.135
75	9	1.121
75	10	1.100
75	11	1.121
75	12	1.113
75	13	1.127
75	14	1.116
75	15	1.118
75	16	1.118
75	17	1.134
75	18	1.129
75	19	1.109
75	20	1.126
75	21	1.122
75	22	1.125
76	1	1.090
76	2	1.115
76	3	1.117
76	4	1.115
76	5	1.112
76	6	1.113
76	7	1.125
76	8	1.139
76	9	1.118
76	10	1.098
76	11	1.124
76	12	1.115
76	13	1.125
76	14	1.111
76	15	1.114
76	16	1.115
76	17	1.122
76	18	1.125
76	19	1.105
76	20	1.124
76	21	1.118
76	22	1.118
77	1	1.090
77	2	1.112
77	3	1.117
77	4	1.116
77	5	1.114
77	6	1.119
77	7	1.129
77	8	1.137
77	9	1.120
77	10	1.100
77	11	1.121
77	12	1.118
77	13	1.126
77	14	1.115
77	15	1.118
77	16	1.123
77	17	1.131
77	18	1.132
77	19	1.110
77	20	1.127
77	21	1.123
77	22	1.129
78	1	1.091
78	2	1.114
78	3	1.114
78	4	1.115
78	5	1.114
78	6	1.119
78	7	1.129
78	8	1.141
78	9	1.120
78	10	1.099
78	11	1.125
78	12	1.113
78	13	1.128
78	14	1.114
78	15	1.118
78	16	1.120
78	17	1.130
78	18	1.125
78	19	1.116
78	20	1.124
78	21	1.118
78	22	1.122
79	1	1.096
79	2	1.115
79	3	1.117
79	4	1.118
79	5	1.116
79	6	1.118
79	7	1.128
79	8	1.138
79	9	1.122
79	10	1.100
79	11	1.125
79	12	1.116
79	13	1.128
79	14	1.114
79	15	1.120
79	16	1.118
79	17	1.130
79	18	1.129
79	19	1.117
79	20	1.121
79	21	1.118
79	22	1.125
80	1	1.095
80	2	1.121
80	3	1.114
80	4	1.120
80	5	1.117
80	6	1.122
80	7	1.134
80	8	1.143
80	9	1.121
80	10	1.106
80	11	1.127
80	12	1.119
80	13	1.129
80	14	1.119
80	15	1.123
80	16	1.131
80	17	1.135
80	18	1.131
80	19	1.125
80	20	1.127
80	21	1.127
80	22	1.131
81	1	1.093
81	2	1.115
81	3	1.112
81	4	1.116
81	5	1.112
81	6	1.113
81	7	1.124
81	8	1.140
81	9	1.117
81	10	1.102
81	11	1.125
81	12	1.112
81	13	1.126
81	14	1.112
81	15	1.116
81	16	1.116
81	17	1.124
81	18	1.129
81	19	1.114
81	20	1.124
81	21	1.115
81	22	1.119
82	1	1.092
82	2	1.118
82	3	1.115
82	4	1.119
82	5	1.116
82	6	1.117
82	7	1.125
82	8	1.139
82	9	1.119
82	10	1.100
82	11	1.126
82	12	1.118
82	13	1.128
82	14	1.116
82	15	1.121
82	16	1.118
82	17	1.123
82	18	1.127
82	19	1.118
82	20	1.123
82	21	1.116
82	22	1.124
83	1	1.093
83	2	1.116
83	3	1.115
83	4	1.118
83	5	1.117
83	6	1.113
83	7	1.121
83	8	1.140
83	9	1.119
83	10	1.100
83	11	1.121
83	12	1.110
83	13	1.126
83	14	1.113
83	15	1.116
83	16	1.128
83	17	1.132
83	18	1.124
83	19	1.118
83	20	1.121
83	21	1.117
83	22	1.132
84	1	1.095
84	2	1.116
84	3	1.109
84	4	1.109
84	5	1.108
84	6	1.114
84	7	1.121
84	8	1.138
84	9	1.119
84	10	1.099
84	11	1.121
84	12	1.114
84	13	1.120
84	14	1.117
84	15	1.119
84	16	1.115
84	17	1.123
84	18	1.124
84	19	1.119
84	20	1.122
84	21	1.117
84	22	1.115
85	1	1.092
85	2	1.116
85	3	1.112
85	4	1.120
85	5	1.116
85	6	1.116
85	7	1.129
85	8	1.135
85	9	1.119
85	10	1.104
85	11	1.127
85	12	1.115
85	13	1.126
85	14	1.119
85	15	1.123
85	16	1.118
85	17	1.130
85	18	1.127
85	19	1.124
85	20	1.126
85	21	1.123
85	22	1.125
86	1	1.092
86	2	1.118
86	3	1.115
86	4	1.116
86	5	1.116
86	6	1.120
86	7	1.124
86	8	1.134
86	9	1.120
86	10	1.098
86	11	1.125
86	12	1.111
86	13	1.124
86	14	1.114
86	15	1.121
86	16	1.112
86	17	1.119
86	18	1.125
86	19	1.121
86	20	1.123
86	21	1.119
86	22	1.121
87	1	1.090
87	2	1.116
87	3	1.113
87	4	1.111
87	5	1.112
87	6	1.116
87	7	1.123
87	8	1.139
87	9	1.121
87	10	1.100
87	11	1.126
87	12	1.112
87	13	1.121
87	14	1.118
87	15	1.117
87	16	1.113
87	17	1.121
87	18	1.123
87	19	1.118
87	20	1.121
87	21	1.119
87	22	1.123
88	1	1.091
88	2	1.111
88	3	1.108
88	4	1.116
88	5	1.116
88	6	1.118
88	7	1.122
88	8	1.140
88	9	1.119
88	10	1.100
88	11	1.122
88	12	1.110
88	13	1.128
88	14	1.114
88	15	1.120
88	16	1.113
88	17	1.122
88	18	1.124
88	19	1.120
88	20	1.121
88	21	1.122
88	22	1.117
89	1	1.091
89	2	1.114
89	3	1.110
89	4	1.113
89	5	1.113
89	6	1.115
89	7	1.127
89	8	1.141
89	9	1.118
89	10	1.102
89	11	1.122
89	12	1.114
89	13	1.127
89	14	1.118
89	15	1.117
89	16	1.114
89	17	1.126
89	18	1.124
89	19	1.120
89	20	1.126
89	21	1.121
89	22	1.121
90	1	1.095
90	2	1.111
90	3	1.107
90	4	1.114
90	5	1.113
90	6	1.114
90	7	1.122
90	8	1.131
90	9	1.120
90	10	1.099
90	11	1.122
90	12	1.113
90	13	1.123
90	14	1.116
90	15	1.115
90	16	1.113
90	17	1.122
90	18	1.125
90	19	1.119
90	20	1.120
90	21	1.119
90	22	1.121
91	1	1.099
91	2	1.114
91	3	1.107
91	4	1.118
91	5	1.113
91	6	1.118
91	7	1.126
91	8	1.136
91	9	1.119
91	10	1.100
91	11	1.121
91	12	1.113
91	13	1.122
91	14	1.117
91	15	1.122
91	16	1.115
91	17	1.122
91	18	1.128
91	19	1.120
91	20	1.127
91	21	1.125
91	22	1.122
92	1	1.094
92	2	1.109
92	3	1.107
92	4	1.114
92	5	1.112
92	6	1.112
92	7	1.122
92	8	1.134
92	9	1.117
92	10	1.099
92	11	1.122
92	12	1.110
92	13	1.125
92	14	1.115
92	15	1.116
92	16	1.113
92	17	1.121
92	18	1.124
92	19	1.117
92	20	1.121
92	21	1.121
92	22	1.122
93	1	1.091
93	2	1.112
93	3	1.115
93	4	1.120
93	5	1.115
93	6	1.114
93	7	1.130
93	8	1.138
93	9	1.121
93	10	1.100
93	11	1.125
93	12	1.114
93	13	1.124
93	14	1.114
93	15	1.117
93	16	1.118
93	17	1.128
93	18	1.128
93	19	1.113
93	20	1.124
93	21	1.124
93	22	1.128
94	1	1.092
94	2	1.116
94	3	1.111
94	4	1.116
94	5	1.113
94	6	1.112
94	7	1.124
94	8	1.133
94	9	1.118
94	10	1.101
94	11	1.121
94	12	1.111
94	13	1.125
94	14	1.113
94	15	1.118
94	16	1.115
94	17	1.122
94	18	1.124
94	19	1.113
94	20	1.120
94	21	1.117
94	22	1.125
95	1	1.096
95	2	1.116
95	3	1.113
95	4	1.121
95	5	1.119
95	6	1.116
95	7	1.130
95	8	1.136
95	9	1.121
95	10	1.101
95	11	1.124
95	12	1.117
95	13	1.130
95	14	1.115
95	15	1.119
95	16	1.118
95	17	1.125
95	18	1.129
95	19	1.118
95	20	1.127
95	21	1.123
95	22	1.126
96	1	1.093
96	2	1.113
96	3	1.115
96	4	1.113
96	5	1.119
96	6	1.115
96	7	1.129
96	8	1.140
96	9	1.123
96	10	1.102
96	11	1.125
96	12	1.114
96	13	1.126
96	14	1.118
96	15	1.116
96	16	1.115
96	17	1.127
96	18	1.128
96	19	1.120
96	20	1.125
96	21	1.121
96	22	1.133
97	1	1.093
97	2	1.114
97	3	1.108
97	4	1.118
97	5	1.118
97	6	1.114
97	7	1.125
97	8	1.135
97	9	1.118
97	10	1.100
97	11	1.122
97	12	1.111
97	13	1.123
97	14	1.115
97	15	1.119
97	16	1.116
97	17	1.127
97	18	1.128
97	19	1.118
97	20	1.125
97	21	1.123
97	22	1.125
98	1	1.095
98	2	1.117
98	3	1.117
98	4	1.117
98	5	1.121
98	6	1.122
98	7	1.127
98	8	1.141
98	9	1.122
98	10	1.103
98	11	1.127
98	12	1.118
98	13	1.129
98	14	1.120
98	15	1.122
98	16	1.118
98	17	1.126
98	18	1.129
98	19	1.117
98	20	1.123
98	21	1.122
98	22	1.135
99	1	1.093
99	2	1.118
99	3	1.110
99	4	1.116
99	5	1.115
99	6	1.115
99	7	1.129
99	8	1.136
99	9	1.118
99	10	1.103
99	11	1.129
99	12	1.111
99	13	1.128
99	14	1.115
99	15	1.121
99	16	1.116
99	17	1.124
99	18	1.126
99	19	1.117
99	20	1.120
99	21	1.123
99	22	1.124
100	1	1.091
100	2	1.111
100	3	1.112
100	4	1.116
100	5	1.117
100	6	1.111
100	7	1.123
100	8	1.132
100	9	1.114
100	10	1.097
100	11	1.124
100	12	1.111
100	13	1.121
100	14	1.116
100	15	1.117
100	16	1.119
100	17	1.126
100	18	1.126
100	19	1.113
100	20	1.118
100	21	1.118
100	22	1.131
101	1	1.090
101	2	1.114
101	3	1.110
101	4	1.117
101	5	1.118
101	6	1.113
101	7	1.127
101	8	1.139
101	9	1.120
101	10	1.101
101	11	1.124
101	12	1.116
101	13	1.126
101	14	1.116
101	15	1.122
101	16	1.115
101	17	1.125
101	18	1.127
101	19	1.115
101	20	1.124
101	21	1.124
101	22	1.127
102	1	1.089
102	2	1.114
102	3	1.114
102	4	1.116
102	5	1.119
102	6	1.116
102	7	1.121
102	8	1.133
102	9	1.118
102	10	1.102
102	11	1.125
102	12	1.112
102	13	1.124
102	14	1.116
102	15	1.117
102	16	1.126
102	17	1.131
102	18	1.125
102	19	1.112
102	20	1.120
102	21	1.120
102	22	1.140
103	1	1.093
103	2	1.116
103	3	1.110
103	4	1.117
103	5	1.120
103	6	1.121
103	7	1.123
103	8	1.133
103	9	1.119
103	10	1.099
103	11	1.129
103	12	1.112
103	13	1.128
103	14	1.114
103	15	1.116
103	16	1.121
103	17	1.125
103	18	1.126
103	19	1.115
103	20	1.117
103	21	1.120
103	22	1.128
104	1	1.092
104	2	1.112
104	3	1.109
104	4	1.115
104	5	1.116
104	6	1.115
104	7	1.123
104	8	1.131
104	9	1.116
104	10	1.097
104	11	1.123
104	12	1.113
104	13	1.124
104	14	1.111
104	15	1.116
104	16	1.120
104	17	1.127
104	18	1.123
104	19	1.116
104	20	1.120
104	21	1.122
104	22	1.129
105	1	1.095
105	2	1.119
105	3	1.117
105	4	1.119
105	5	1.117
105	6	1.120
105	7	1.128
105	8	1.135
105	9	1.119
105	10	1.101
105	11	1.125
105	12	1.112
105	13	1.128
105	14	1.118
105	15	1.120
105	16	1.114
105	17	1.121
105	18	1.127
105	19	1.118
105	20	1.127
105	21	1.123
105	22	1.121
106	1	1.089
106	2	1.118
106	3	1.111
106	4	1.117
106	5	1.115
106	6	1.120
106	7	1.123
106	8	1.138
106	9	1.116
106	10	1.101
106	11	1.128
106	12	1.116
106	13	1.123
106	14	1.115
106	15	1.120
106	16	1.115
106	17	1.125
106	18	1.131
106	19	1.122
106	20	1.120
106	21	1.120
106	22	1.123
107	1	1.091
107	2	1.120
107	3	1.112
107	4	1.121
107	5	1.121
107	6	1.118
107	7	1.129
107	8	1.141
107	9	1.121
107	10	1.102
107	11	1.129
107	12	1.114
107	13	1.130
107	14	1.120
107	15	1.116
107	16	1.114
107	17	1.124
107	18	1.128
107	19	1.127
107	20	1.127
107	21	1.124
107	22	1.123
108	1	1.089
108	2	1.113
108	3	1.114
108	4	1.120
108	5	1.115
108	6	1.115
108	7	1.121
108	8	1.132
108	9	1.117
108	10	1.098
108	11	1.125
108	12	1.111
108	13	1.124
108	14	1.113
108	15	1.114
108	16	1.111
108	17	1.119
108	18	1.124
108	19	1.121
108	20	1.121
108	21	1.120
108	22	1.119
109	1	1.091
109	2	1.118
109	3	1.116
109	4	1.118
109	5	1.120
109	6	1.117
109	7	1.124
109	8	1.134
109	9	1.118
109	10	1.102
109	11	1.127
109	12	1.117
109	13	1.126
109	14	1.118
109	15	1.118
109	16	1.115
109	17	1.122
109	18	1.127
109	19	1.125
109	20	1.122
109	21	1.121
109	22	1.128
110	1	1.099
110	2	1.116
110	3	1.117
110	4	1.122
110	5	1.116
110	6	1.116
110	7	1.126
110	8	1.141
110	9	1.119
110	10	1.103
110	11	1.123
110	12	1.116
110	13	1.123
110	14	1.118
110	15	1.118
110	16	1.114
110	17	1.127
110	18	1.132
110	19	1.126
110	20	1.122
110	21	1.122
110	22	1.126
111	1	1.099
111	2	1.115
111	3	1.109
111	4	1.117
111	5	1.119
111	6	1.114
111	7	1.127
111	8	1.133
111	9	1.120
111	10	1.103
111	11	1.127
111	12	1.115
111	13	1.125
111	14	1.118
111	15	1.118
111	16	1.114
111	17	1.127
111	18	1.126
111	19	1.122
111	20	1.124
111	21	1.124
111	22	1.128
112	1	1.098
112	2	1.120
112	3	1.118
112	4	1.119
112	5	1.122
112	6	1.114
112	7	1.123
112	8	1.136
112	9	1.120
112	10	1.103
112	11	1.129
112	12	1.116
112	13	1.128
112	14	1.117
112	15	1.118
112	16	1.118
112	17	1.124
112	18	1.126
112	19	1.123
112	20	1.120
112	21	1.129
112	22	1.126
113	1	1.087
113	2	1.118
113	3	1.112
113	4	1.121
113	5	1.121
113	6	1.118
113	7	1.126
113	8	1.134
113	9	1.117
113	10	1.102
113	11	1.130
113	12	1.116
113	13	1.124
113	14	1.115
113	15	1.119
113	16	1.113
113	17	1.124
113	18	1.128
113	19	1.120
113	20	1.123
113	21	1.127
113	22	1.125
114	1	1.093
114	2	1.111
114	3	1.105
114	4	1.114
114	5	1.115
114	6	1.113
114	7	1.125
114	8	1.134
114	9	1.117
114	10	1.097
114	11	1.123
114	12	1.115
114	13	1.128
114	14	1.116
114	15	1.118
114	16	1.114
114	17	1.120
114	18	1.123
114	19	1.117
114	20	1.124
114	21	1.125
114	22	1.122
115	1	1.091
115	2	1.117
115	3	1.112
115	4	1.113
115	5	1.113
115	6	1.118
115	7	1.120
115	8	1.137
115	9	1.117
115	10	1.100
115	11	1.123
115	12	1.109
115	13	1.126
115	14	1.112
115	15	1.117
115	16	1.112
115	17	1.121
115	18	1.124
115	19	1.119
115	20	1.118
115	21	1.123
115	22	1.120
116	1	1.092
116	2	1.113
116	3	1.112
116	4	1.113
116	5	1.113
116	6	1.117
116	7	1.120
116	8	1.136
116	9	1.116
116	10	1.097
116	11	1.124
116	12	1.113
116	13	1.127
116	14	1.116
116	15	1.116
116	16	1.110
116	17	1.122
116	18	1.123
116	19	1.121
116	20	1.118
116	21	1.118
116	22	1.115
117	1	1.092
117	2	1.116
117	3	1.113
117	4	1.119
117	5	1.115
117	6	1.115
117	7	1.120
117	8	1.136
117	9	1.118
117	10	1.098
117	11	1.122
117	12	1.109
117	13	1.124
117	14	1.113
117	15	1.118
117	16	1.116
117	17	1.119
117	18	1.125
117	19	1.120
117	20	1.119
117	21	1.118
117	22	1.118
118	1	1.093
118	2	1.118
118	3	1.111
118	4	1.119
118	5	1.117
118	6	1.115
118	7	1.122
118	8	1.134
118	9	1.120
118	10	1.103
118	11	1.127
118	12	1.113
118	13	1.129
118	14	1.116
118	15	1.119
118	16	1.116
118	17	1.126
118	18	1.129
118	19	1.125
118	20	1.125
118	21	1.122
118	22	1.122
119	1	1.098
119	2	1.117
119	3	1.116
119	4	1.120
119	5	1.121
119	6	1.119
119	7	1.124
119	8	1.138
119	9	1.120
119	10	1.103
119	11	1.127
119	12	1.117
119	13	1.130
119	14	1.117
119	15	1.121
119	16	1.115
119	17	1.126
119	18	1.129
119	19	1.123
119	20	1.127
119	21	1.126
119	22	1.125
120	1	1.089
120	2	1.116
120	3	1.108
120	4	1.116
120	5	1.115
120	6	1.117
120	7	1.124
120	8	1.134
120	9	1.119
120	10	1.101
120	11	1.128
120	12	1.119
120	13	1.123
120	14	1.113
120	15	1.119
120	16	1.115
120	17	1.122
120	18	1.123
120	19	1.116
120	20	1.118
120	21	1.118
120	22	1.117
121	1	1.093
121	2	1.120
121	3	1.117
121	4	1.118
121	5	1.120
121	6	1.121
121	7	1.127
121	8	1.141
121	9	1.120
121	10	1.102
121	11	1.126
121	12	1.122
121	13	1.127
121	14	1.117
121	15	1.120
121	16	1.118
121	17	1.128
121	18	1.128
121	19	1.119
121	20	1.127
121	21	1.122
121	22	1.122
122	1	1.095
122	2	1.121
122	3	1.117
122	4	1.120
122	5	1.118
122	6	1.122
122	7	1.127
122	8	1.135
122	9	1.121
122	10	1.102
122	11	1.131
122	12	1.124
122	13	1.129
122	14	1.116
122	15	1.122
122	16	1.118
122	17	1.128
122	18	1.127
122	19	1.122
122	20	1.125
122	21	1.128
122	22	1.127
123	1	1.099
123	2	1.117
123	3	1.110
123	4	1.123
123	5	1.119
123	6	1.116
123	7	1.127
123	8	1.140
123	9	1.120
123	10	1.104
123	11	1.127
123	12	1.126
123	13	1.127
123	14	1.120
123	15	1.119
123	16	1.118
123	17	1.124
123	18	1.127
123	19	1.126
123	20	1.123
123	21	1.124
123	22	1.124
124	1	1.091
124	2	1.120
124	3	1.109
124	4	1.112
124	5	1.118
124	6	1.113
124	7	1.123
124	8	1.136
124	9	1.120
124	10	1.099
124	11	1.126
124	12	1.120
124	13	1.122
124	14	1.115
124	15	1.116
124	16	1.111
124	17	1.122
124	18	1.124
124	19	1.115
124	20	1.122
124	21	1.119
124	22	1.121
125	1	1.092
125	2	1.119
125	3	1.111
125	4	1.118
125	5	1.117
125	6	1.121
125	7	1.125
125	8	1.136
125	9	1.122
125	10	1.104
125	11	1.123
125	12	1.124
125	13	1.131
125	14	1.116
125	15	1.119
125	16	1.116
125	17	1.122
125	18	1.127
125	19	1.118
125	20	1.120
125	21	1.123
125	22	1.122
126	1	1.090
126	2	1.116
126	3	1.111
126	4	1.120
126	5	1.115
126	6	1.113
126	7	1.121
126	8	1.138
126	9	1.118
126	10	1.105
126	11	1.132
126	12	1.127
126	13	1.122
126	14	1.118
126	15	1.117
126	16	1.114
126	17	1.121
126	18	1.127
126	19	1.119
126	20	1.119
126	21	1.123
126	22	1.121
127	1	1.092
127	2	1.116
127	3	1.108
127	4	1.120
127	5	1.119
127	6	1.114
127	7	1.123
127	8	1.137
127	9	1.117
127	10	1.099
127	11	1.123
127	12	1.125
127	13	1.124
127	14	1.112
127	15	1.113
127	16	1.113
127	17	1.123
127	18	1.122
127	19	1.117
127	20	1.118
127	21	1.120
127	22	1.118
128	1	1.094
128	2	1.119
128	3	1.116
128	4	1.119
128	5	1.113
128	6	1.120
128	7	1.126
128	8	1.137
128	9	1.121
128	10	1.102
128	11	1.130
128	12	1.125
128	13	1.123
128	14	1.113
128	15	1.118
128	16	1.112
128	17	1.124
128	18	1.125
128	19	1.120
128	20	1.114
128	21	1.124
128	22	1.123
129	1	1.095
129	2	1.123
129	3	1.117
129	4	1.117
129	5	1.119
129	6	1.116
129	7	1.127
129	8	1.140
129	9	1.125
129	10	1.102
129	11	1.125
129	12	1.121
129	13	1.123
129	14	1.112
129	15	1.116
129	16	1.115
129	17	1.121
129	18	1.128
129	19	1.119
129	20	1.115
129	21	1.124
129	22	1.127
130	1	1.094
130	2	1.118
130	3	1.116
130	4	1.123
130	5	1.116
130	6	1.116
130	7	1.122
130	8	1.140
130	9	1.121
130	10	1.099
130	11	1.126
130	12	1.120
130	13	1.127
130	14	1.115
130	15	1.117
130	16	1.114
130	17	1.123
130	18	1.124
130	19	1.120
130	20	1.111
130	21	1.120
130	22	1.122
131	1	1.091
131	2	1.121
131	3	1.119
131	4	1.119
131	5	1.115
131	6	1.116
131	7	1.125
131	8	1.142
131	9	1.125
131	10	1.101
131	11	1.130
131	12	1.122
131	13	1.123
131	14	1.119
131	15	1.120
131	16	1.116
131	17	1.127
131	18	1.129
131	19	1.120
131	20	1.119
131	21	1.127
131	22	1.123
132	1	1.091
132	2	1.119
132	3	1.115
132	4	1.116
132	5	1.116
132	6	1.119
132	7	1.121
132	8	1.141
132	9	1.123
132	10	1.100
132	11	1.125
132	12	1.120
132	13	1.126
132	14	1.116
132	15	1.118
132	16	1.115
132	17	1.125
132	18	1.127
132	19	1.117
132	20	1.121
132	21	1.124
132	22	1.123
133	1	1.092
133	2	1.111
133	3	1.115
133	4	1.115
133	5	1.118
133	6	1.119
133	7	1.121
133	8	1.134
133	9	1.118
133	10	1.100
133	11	1.127
133	12	1.125
133	13	1.125
133	14	1.113
133	15	1.118
133	16	1.117
133	17	1.123
133	18	1.126
133	19	1.116
133	20	1.116
133	21	1.124
133	22	1.120
134	1	1.091
134	2	1.119
134	3	1.118
134	4	1.122
134	5	1.119
134	6	1.119
134	7	1.128
134	8	1.143
134	9	1.120
134	10	1.102
134	11	1.126
134	12	1.124
134	13	1.125
134	14	1.118
134	15	1.120
134	16	1.116
134	17	1.125
134	18	1.131
134	19	1.124
134	20	1.114
134	21	1.125
134	22	1.123
